FCSStap = [116,111,114,113,110,1151,112,1721,172,1734,1082,105,107,1081,109,106,1084,173,1735]

FCSPulse = [1461,1462,162,141,140,145,1762,1761,144,163,142,143]

FCSSugar = [1731,1733,1732,147,1253,1471,1083]

FCSCond = [152,1351,1352,1391,1504,1353,153,154,1491,1492,1482]

FCSFat = [1271,1272,1291,129,1273,128]

FCSVeg = [138,136,139,135,1652,168,1651,165,137,164,1654,1653,177,167]      

FCSFruit = [103,171,101,1473,102,1741,166,170,1311,133,1312,169,1313,132,130,174,134,1041,1042]

FCSPr = [124,1237,1235,1236,1234,1221,1231,1232,1222,1181,117,119,1201,1214,1172,120,1182,1192,1191,1212,1211,1213,1171,1215,1173,1193,1174]

FCSDairy = [125,1252,1254,1251,126]

Simsim (and paste) is in the Pluse/nuts
Mushroom is vegetable 
Bulrush is vegetable
Ghee is fat/oil 
Infant formula food is diary 
Juice and beer are not included 